0 168.079 169.416 169.416 169.416 168.26 169.416 
1 1444.78 2062.08 2974.09 4474.76 5966.04 7463.64 
2 1901.19 2372.61 3100.92 4280.35 5438.46 6597.43 
3 1559.63 1950.05 2509.51 3444.81 4387.8 5340.96 
4 1116.54 1540.42 2183.85 3230.27 4265.93 5308.06 
5 998.606 1427.81 2088.39 3163.79 4227.67 5294.32 
6 1026.1 1424.41 2016.56 2986.43 3952.43 4923.51 
7 918.232 1301.08 1892.94 2857.21 3813.39 4773.49 
8 1052.62 1543.62 2308.36 3558.16 4787.67 6014.34 
9 1056.21 1506.93 2189.41 3299.66 4396.14 5497.83 
10 1078.03 1533.45 2232.36 3377.25 4506.33 5637.38 
11 1074.93 1508.86 2158.15 3225.67 4287.24 5353.6 
12 972.662 1382.94 2000.16 3013.75 4026.62 5046.01 
13 1060.38 1449.17 2007.99 2942.48 3885.57 4837.96 
14 2397.3 2794.32 3382.46 4346.9 5309.28 6278.86 
15 970.752 1404.12 2076.19 3176.17 4263.52 5351.31 
16 991.623 1483.81 2259.91 3553.82 4831.89 6105.31 
17 978.275 1342.72 1881.54 2807.76 3747.36 4697.91 
18 1006.02 1467.32 2188.46 3382.04 4563.12 5746.67 
19 950.491 1392.72 2119.47 3348.82 4569.07 5789.82 
20 1037.77 1469.36 2145.27 3277.55 4405.2 5536.98 
21 1180.6 1695.78 2485.34 3783.3 5059.91 6333.1 
22 1167.89 1625.64 2300.85 3422.84 4537.74 5658.05 
23 1198.51 1723.95 2528.96 3838.86 5126.34 6413.47 
24 1283.28 1666.99 2213.82 3145.75 4091.91 5050.18 
25 963.109 1543.96 2437.58 3956.76 5467.92 6981.72 
26 1485.97 2069.55 2917.94 4344.97 5777.17 7221.79 
27 627.38 840.278 1177.37 1741.34 2286.06 2829.61 
