0 0 0 0
1 1.6638 0 1459.77
2 2.12858 0 1912.72
3 2.65225 0 1564.68
4 2.38802 0 1126.21
5 2.32767 0 1004.87
6 2.57043 0 1035.85
7 2.5939 0 921.977
8 2.0127 0 1057.79
9 2.25357 0 1067.72
10 2.19264 0 1084.6
11 2.3397 0 1082.44
12 2.45698 0 976.299
13 2.65433 0 1064.36
14 2.58137 0 2406.16
15 2.28084 0 973.756
16 1.95008 0 982.121
17 2.69028 0 964.42
18 2.10609 0 1001.27
19 2.05732 0 921.694
20 2.21879 0 1025.32
21 1.93903 0 1188.39
22 2.22992 0 1175.36
23 1.9174 0 1211.57
24 2.66176 0 1280.25
25 1.65817 0 944.926
26 1.74699 0 1488.72
27 4.52672 0 626.487