0 0 0 0
1 0.00884303 0.857635 1689.72
2 0.00893509 0.93929 1848.7
3 0.00860182 0.985057 1987.17
4 0.00874986 0.757553 1779.87
5 0.00847557 0.536423 1775.07
6 0.00947491 1.28707 1740.91
7 0.00930889 0.559382 1587.85
8 0.00936323 1.10991 1370.35
9 0.00831737 1.06758 2092.43
10 0.00840486 0.880626 1956.29
11 0.0083486 0.895422 1972.07
12 0.00899483 0.692804 1726.15
13 0.010707 2.08628 1205.83
14 0.00901213 0.790318 1827.39
15 0.00844418 1.05548 2013.23
16 0.00866312 1.15389 1869.56
17 0.00854446 0.683712 1729.54
18 0.00898878 0.943488 1844.98
19 0.00904644 0.809982 1741.28
20 0.00859302 0.969645 1844.76
21 0.00902722 0.826688 1695.98
22 0.0084265 0.718834 1860.05
23 0.00858485 1.01118 1861.05
24 0.00882799 0.980076 1928.75
25 0.008833 1.0852 1958.9
26 0.00857123 0.622245 1795.89
27 0.00780748 0.831613 2337.42
