0 0 0 0
1 0.888464 0 1631.53
2 0.898172 0 1785.53
3 0.864863 0 1918.16
4 0.878704 0 1728.31
5 0.850082 0 1737.57
6 0.954383 0 1659.93
7 0.93392 0 1552.53
8 0.942533 0 1302.05
9 0.836719 0 2015.8
10 0.844617 0 1893.03
11 0.839133 0 1908.27
12 0.902937 0 1680.04
13 1.08641 0 1101.99
14 0.905179 0 1774.59
15 0.849445 0 1938.93
16 0.87178 0 1789.17
17 0.857615 0 1680.76
18 0.903503 0 1781.59
19 0.908874 0 1688.31
20 0.864005 0 1777.71
21 0.906821 0 1640.88
22 0.846008 0 1808.84
23 0.863459 0 1791.81
24 0.887722 0 1863.33
25 0.888666 0 1885.89
26 0.860075 0 1751.8
27 0.784347 0 2272.8