0 0 0 0
1 0.0179158 1.09203 1221.28
2 0.0181422 1.11604 1191.35
3 0.018946 0.786203 1093.14
4 0.0192377 1.05732 1156.74
5 0.018339 1.07526 1219.84
6 0.0199383 0.709218 1040.33
7 0.020286 1.51711 1061.05
8 0.0177678 1.15838 1573.08
9 0.0175622 1.14243 1254.87
10 0.0191452 1.07309 1154.73
11 0.0174787 1.2099 1268.92
12 0.0203565 1.02854 1116.76
13 0.0192574 1.15739 1188.17
14 0.0185556 1.07482 1223.46
15 0.0177849 1.2105 1340.62
16 0.0202265 0.745439 935.014
17 0.0177369 0.789161 1349.24
18 0.0181677 1.26774 1269.57
19 0.0191536 0.545016 1089.1
20 0.0179723 0.919838 1182.53
21 0.0182141 0.977269 1169.62
22 0.017556 0.844244 1138.53
23 0.0170267 0.884374 1215.41
24 0.0174308 0.757414 1124.88
25 0.0164839 0.855876 1263.32
26 0.0163537 0.920283 1061.51
27 0.0116488 0.894767 1634.27
