0 0 0 0 0 0 0
1 1221.26 1715.56 2552.27 3960.35 5351.49 6735.14 
2 1191.26 1679.41 2501.68 3896.47 5267.27 6635.67 
3 1093.14 1585.16 2358.93 3696.11 5015.14 6326.09 
4 1156.55 1616.27 2398.39 3712.73 5005.3 6291.52 
5 1220 1702.77 2520.03 3899.15 5255.62 6606.02 
6 1040.43 1515.33 2245.25 3514.99 4769.46 6019.49 
7 1061.11 1485.26 2215.52 3446.65 4679.25 5921.5 
8 1573.11 2067.5 2909.82 4333.12 5734.34 7127.89 
9 1254.92 1759.5 2605.66 4046.36 5463.7 6878.86 
10 1154.55 1617.39 2400.1 3721.06 5020.2 6314.64 
11 1268.87 1768.52 2625.21 4071.97 5493.94 6913.84 
12 1116.87 1554.24 2290.5 3532.78 4754.11 5972.29 
13 1188.02 1646.68 2425.7 3727.77 5020.7 6321.07 
14 1223.5 1701.11 2508.38 3870.42 5212.45 6547.47 
15 1340.35 1835.03 2671.98 4090.82 5493.93 6889.96 
16 934.972 1399.41 2129.5 3365 4605.99 5845.29 
17 1349.21 1867.25 2707.04 4134.63 5537.53 6935.79 
18 1269.8 1760.82 2569.48 3944.77 5323.57 6711.53 
19 1089.12 1578.22 2363.51 3680.96 4979.82 6274.36 
20 1182.61 1683.63 2517.98 3925.17 5308.58 6687.58 
21 1169.49 1661.65 2483.3 3872.25 5238.13 6598.21 
22 1138.46 1655.8 2510.24 3950.01 5367.32 6778.53 
23 1215.54 1748.16 2626.56 4111 5572.28 7029.87 
24 1124.94 1657.37 2504.96 3959.2 5389.88 6811.73 
25 1263.64 1814.11 2722.93 4257.78 5765.06 7270.05 
26 1061.42 1610.61 2530.16 4076.65 5596.76 7110.32 
27 1634.35 2408.66 3699.94 5865.28 8002.69 10131 
