0 -1619.13 -1619.13 -1619.13 -1619.13 -117.098 -1619.13 
1 1598.04 2407.39 3637.27 5672.79 7689.09 9711.18 
2 1620.91 2470.56 3760.79 5884.12 7984.15 10093.9 
3 1777.84 2620.63 3912.26 6069.19 8212.57 10365.7 
4 1825.82 2803.83 4341.72 6899.27 9407.68 11911.1 
5 1950.15 2908.79 4379.18 6838.62 9277.79 11728.2 
6 1724.17 2392.69 3399.63 5148.49 6929.75 8736.98 
7 1792.75 2662.79 3986.21 6191.8 8386.54 10593.1 
8 1883.98 2718.24 3989.54 6127.62 8270.68 10435.2 
9 1548.87 2443.7 3784.38 6001.72 8165.56 10325.2 
10 1692.56 2511.58 3755.38 5805.39 7842.82 9894.5 
11 1788.18 2590.53 3784.06 5778.18 7782.73 9811.05 
12 1738.8 2578.13 3853.74 5965.54 8069.3 10188.8 
13 1843.73 2608.67 3782.73 5780.86 7782.77 9800.85 
14 1893.03 2823.86 4246.38 6603.25 8942.76 11295 
15 1936.43 2826.46 4176.6 6436.38 8701.8 10988.4 
16 1746.58 2491.3 3637.68 5588.87 7547.57 9525.96 
17 1880.14 2603.43 3706.52 5608.4 7535.09 9487.18 
18 1723.05 2509.09 3703.54 5693.28 7675.77 9669.16 
19 1572.67 2292.4 3380.91 5207.7 7027.9 8858.82 
20 1743.3 2395.81 3398.13 5131.51 6888.57 8669.46 
21 1810.16 2520.82 3613.84 5489.63 7386.03 9304.8 
22 1869.35 2587.12 3691.45 5589.86 7509.94 9458.07 
23 1736.73 2370.19 3321.8 4985.14 6678.92 8398.68 
24 1709.58 2571.49 3900.56 6130.38 8342.31 10568.4 
25 1834.51 2679.4 3992.05 6195.91 8379.97 10574.7 
26 1540.98 2285.1 3421.52 5315.29 7193.76 9080.05 
27 1781.38 2423.21 3394.32 5101.27 6839.47 8603.96 
