0 0 0 0
1 1.80251 0 542.017
2 1.82531 0 533.110
3 1.90258 0 560.425
4 1.93501 0 544.011
5 1.84511 0 562.500
6 2.00149 0 511.614
7 2.04645 0 635.388
8 1.78835 0 888.754
9 1.76762 0 622.200
10 1.92629 0 676.600
11 1.75986 0 668.000
12 2.04731 0 823.000
13 1.93829 0 1002.200
14 1.86641 0 750.400
15 1.79045 0 757.200
16 2.03084 0 474.765
17 1.78163 0 709.000
18 1.82961 0 570.694
19 1.92162 0 545.308
20 1.80701 0 497.645
21 1.83089 0 502.042
22 1.76376 0 437.556
23 1.71133 0 469.978
24 1.75059 0 442.994
25 1.65602 0 472.277
26 1.64366 0 272.868
27 1.17075 0 338.599
