0 -24.8736 79.4955 168.079
1 0.0166761 -0.418784 1444.78
2 0.0213335 -0.411401 1901.19
3 0.0265517 -0.227041 1559.63
4 0.0239243 -0.374272 1116.54
5 0.0233069 -0.249121 998.606
6 0.0257499 -0.390047 1026.1
7 0.0259531 -0.149932 918.232
8 0.020148 -0.179454 1052.62
9 0.0225838 -0.434736 1056.21
10 0.021951 -0.228493 1078.03
11 0.0234299 -0.290111 1074.93
12 0.0245955 -0.172831 972.662
13 0.0265666 -0.183514 1060.38
14 0.025859 -0.366097 2397.3
15 0.0228219 -0.114104 970.752
16 0.0194705 0.299368 991.623
17 0.0267983 0.622897 978.275
18 0.021041 0.165396 1006.02
19 0.0204541 0.997846 950.491
20 0.022125 0.46866 1037.77
21 0.0194183 -0.252284 1180.6
22 0.0223284 -0.273823 1167.89
23 0.0192141 -0.412098 1198.51
24 0.0265891 0.139316 1283.28
25 0.0165368 0.496481 963.109
26 0.017468 -0.0602045 1485.97
27 0.0452284 0.0980876 627.38
