0 0.0191408 46.25 -1619.13
1 0.0123286 -0.0946559 1598.04
2 0.0118162 -0.201542 1620.91
3 0.0116221 0.18586 1777.84
4 0.00988248 0.147636 1825.82
5 0.0102056 0.19242 1950.15
6 0.0141669 1.03699 1724.17
7 0.0113522 0.105223 1792.75
8 0.0116635 0.397567 1883.98
9 0.0114225 -0.48898 1548.87
10 0.0122015 -0.092851 1692.56
11 0.0124704 0.108915 1788.18
12 0.0118341 0.0211859 1738.8
13 0.0125061 0.631963 1843.73
14 0.0106306 0.0248177 1893.03
15 0.0110298 0.275768 1936.43
16 0.0127873 0.701496 1746.58
17 0.0130609 0.958337 1880.14
18 0.0125738 0.106616 1723.05
19 0.0137059 0.179925 1572.67
20 0.0143291 1.08291 1743.3
21 0.0132552 0.929674 1810.16
22 0.0130881 0.983222 1869.35
23 0.0149049 1.11123 1736.73
24 0.0112548 0.306342 1709.58
25 0.0113983 0.366823 1834.51
26 0.0132484 0.0907787 1540.98
27 0.0145336 1.26225 1781.38
