0 0 0 0 0 0 0
1 1689.72 2713.78 4409.53 7274.9 10084.6 12882.5 
2 1848.7 2854.76 4531.83 7365.31 10144.1 12920.6 
3 1987.17 3026.68 4771.73 7706.95 10601.5 13482.6 
4 1779.87 2836.95 4531.28 7429.74 10275.9 13107.4 
5 1775.07 2883.49 4648.99 7638.89 10572.3 13491.6 
6 1740.91 2676.18 4221.64 6885.57 9523.62 12159.2 
7 1587.85 2611.82 4190.33 6912.28 9592.02 12262.6 
8 1370.35 2314.85 3908.56 6615.14 9273.4 11915.3 
9 2092.43 3156.81 4961.31 7999.93 10993.1 13969.1 
10 1956.29 3035.14 4811.58 7827.74 10786.3 13731.3 
11 1972.07 3062.92 4839.16 7877.01 10861.9 13826 
12 1726.15 2765.63 4407.63 7226.02 9996.77 12755 
13 1205.83 1967.76 3315.37 5683.73 8020.04 10351.2 
14 1827.39 2835.33 4508.44 7316.73 10070.7 12817.3 
15 2013.23 3065.66 4837.4 7834.72 10778.9 13714.9 
16 1869.56 2885.45 4611.6 7528.92 10402.6 13265.5 
17 1729.54 2825.26 4553.27 7520.25 10436.6 13341.4 
18 1844.98 2841.62 4514.91 7326.84 10093.8 12847.9 
19 1741.28 2748.11 4403.52 7207.33 9953.52 12686.8 
20 1844.76 2885.15 4635.91 7574.31 10466.7 13354.6 
21 1695.98 2703.36 4360.86 7172.33 9925.51 12661.7 
22 1860.05 2960.58 4723.14 7731.65 10687.7 13625.7 
23 1861.05 2899.02 4649.16 7588.02 10490.2 13375.9 
24 1928.75 2940.36 4642.61 7505.95 10322.5 13129 
25 1958.9 2961.5 4656.63 7518.48 10336.6 13142 
26 1795.89 2899.92 4615.97 7570.21 10483.4 13381 
27 2337.42 3502.01 5418.88 8666.47 11852.1 15016.5 
