0 0 0 0
1 1.23214 0 1602.18
2 1.18013 0 1630.07
3 1.16362 0 1768.68
4 0.988898 0 1815.96
5 1.02201 0 1939.86
6 1.42749 0 1685.61
7 1.1361 0 1787.37
8 1.16964 0 1865.57
9 1.13892 0 1572.99
10 1.21961 0 1696.81
11 1.24855 0 1784.43
12 1.18375 0 1737.72
13 1.25621 0 1816.46
14 1.06324 0 1891.02
15 1.1052 0 1922.63
16 1.28406 0 1714.39
17 1.31516 0 1841.63
18 1.25838 0 1718.3
19 1.37223 0 1564.82
20 1.44279 0 1699.53
21 1.33369 0 1770.5
22 1.31755 0 1827.65
23 1.50154 0 1694.61
24 1.12778 0 1694.29
25 1.14243 0 1815.91
26 1.32581 0 1537.26
27 1.46653 0 1734.65