0 1.03803 0 114.224
1 1.07652 0 131.68
2 0.921881 0 158.216
3 0.926465 0 67.1873
4 1.0736 0 138.499
5 0.964595 0 121.015
6 0.989744 0 119.718
7 1.05788 0 141.673
8 1.07965 0 127.38
9 0.991431 0 157.218
10 0.967295 0 144.087
11 1.00685 0 148.617
12 0.877926 0 160.777
13 0.853676 0 107.696
14 0.959124 0 151.807
15 0.949396 0 130.811
16 0.88017 0 240.817
17 0.968708 0 116.701
18 1.00603 0 203.655
19 0.891684 0 81.9727
20 0.903503 0 86.2855
21 1.02053 0 51.4595
22 0.826631 0 99.9281
23 0.950933 0 119.88
24 0.937719 0 142.118
25 0.966172 0 85.649
26 1 0 95.4979
27 0 0 0.0