//CATS1X
1 92.2589 35.2092 212
2 85.2991 33.9378 201
3 131.832 33.2102 245
4 -2333.55 587.736 750
5 -2294.51 562.212 580
6 -2371.04 567.709 420
7 -2416.11 655.022 620
8 6 47 166
9 19 46 175
10 -2542.86 774.061 600
11 -2036.88 461.302 530
12 56 41 195
13 87 38 216
14 -2827.41 713.579 620
15 79 39 212
16 370.896 46.0505 527
17 48 46 204
18 323.076 42.0021 466
19 -2103.23 461.67 360
20 41.0427 47.2379 202
21 -2415.23 678.007 350
22 90.5698 33.3011 204
23 -1604.2 339.192 390
24 69.5868 36.1315 192
25 113.078 32.2712 223
26 90.7285 33.8818 206
27 -281.18 191.24 10
//CATS1Y 
1 328.441 32.3439 438
2 461.716 42.1632 605
3 204.204 97.2582 535
4 405.692 89.3949 710
5 452.272 50.159 623
6 244.307 56.3392 436
7 538.866 57.6366 735
8 547.073 42.5623 692
9 410.356 50.6189 582
10 461.976 57.187 656
11 412.702 77.7532 677
12 482 81 757
13 369 93 685
14 505 108 872
15 586 76 844
16 660 61 867
17 283 65 504
18 544.199 52.4956 723
19 564.508 52.1186 742
20 443.098 50.5167 615
21 451.925 47.5283 614
22 289.812 51.4227 465
23 456.689 44.2193 607
24 162.927 48.7191 329
25 402.84 34.1171 519
26 223.641 30.1869 326
27 527.49 86.7808 823
//CATS2X
1 129.729 34.1499
2 263.771 34.0069
3 257.636 34.2198
4 224.972 35.3621
5 211.395 36.1062
6 227.235 33.2388
7 238.802 38.5995
8 326.628 35.1681
9 309.204 34.5639
10 275.846 32.7942
11 284.984 39.5912
12 309.424 40.4401
13 383.637 52.1549
14 340.619 54.7697
15 323 39
16 238 47
17 225.34 53.1981
18 255.574 49.5582
19 229.342 45.1026
20 182.741 34.8997
21 180.939 35.7551
22 263.589 30.5621
23 192.244 29.1327
24 283.58 29.9638
25 278.083 30.3258
26 263.394 29.3113
27 436.567 24.9596
//CATS2Y
1 412.449 38.1082
2 397.734 39.8166
3 411.918 43.6785
4 398.204 42.8843
5 421.275 41.5369
6 371.898 41.093
7 461.221 51.2255
8 718.935 49.9469
9 442 53
10 476 59
11 464 60
12 568 75
13 550 133
14 526 66
15 560 58
16 272.704 59.4298
17 552.774 45.9487
18 427.94 41.9866
19 379.395 48.7978
20 364.93 39.0339
21 366.138 39.9717
22 317.069 35.4374
23 353.014 34.4012
24 319.846 36.2201
25 357.609 33.7259
26 164.03 32.0113
27 258.607 23.5271